0.2876697276508908
0.30177492235415476
0.3014744301299517
0.3101371276082837
0.31797907766827005
0.31299628869678314
0.308168230795968
0.30076580667586084
0.30456905154338637
0.29795149517306335
0.28132351127406463
0.267110677565116
0.251763149337908
0.24229091683765572
0.23511946808391357
0.2303183199345196
0.2340655028199177
0.23632367946001098
0.23857737114153407
0.24188727056633813
0.24765492728760918
0.2514940518236963
0.253440523843161
0.2506643344882102
0.25955576485362214
0.27853386704340316
0.28684001031540474
0.2981421059122966
0.3035778756993732
0.2937984235370626
0.29325350107078385
0.2870126812203572
0.2890129727426643
0.29064774014150047
0.2896049872739301
0.28551022009934185
0.2854720979514952
0.2940787334476998
0.29736396560036776
0.2970365636247435
0.29009384775808134
0.273934542029668
0.2745691636673506
0.2778656082164441
0.27683406774529923
0.2810633836769933
0.2914393353291399
0.29117920773206857
0.30606702770583155
0.31297610638321727
0.3150279749290816
0.3162456411808896
0.3104151950396358
0.30693262470987925
0.29538834135019676
0.29148418491484185
0.2825613598394385
0.2858241671992555
0.28101180665343606
0.28370278179555314
0.28411091302544095
0.28146030251045556
0.27802706672497113
0.2810476863219976
0.2709587720183435
0.26476055927433373
0.26535930124345475
0.26650072319956947
0.25319833608037046
0.24934799914785788
0.25171829975220605
0.257071097805734
0.26409230044737464
0.25651047798445964
0.26211667619720364
0.25902878222162423
0.2536804691266664
0.2489353829593999
0.25097379662955366
0.2557794297375178
0.26853016695258275
0.2735398656754908
0.27919988339107715
0.28500566226019486
0.2835592631213069
0.28287754941863724
0.29333871528361755
0.2868041306468431
0.28462892574029847
0.3001558523103143
0.3167120768721899
0.31888279682016435
0.3093971094442015
0.31113951584872235
0.31039501272606995
0.29073295435433416
0.2684808324083106
0.25405720564656287
0.24106428066870733
0.22596566764214515
0.2196732707681613
0.21351542265128326
0.20946326258311188
0.19641203314384384
0.19829571574332583
0.21016291612006235
0.2047585410429771
0.20388173164250395
0.2076760065928891
0.2184152398892215
0.20900579680895198
0.21060244205994147
0.21996255059593886
0.23409017009205377
0.23751219348111272
0.23844730734299843
0.2360433695493738
0.238299303710182
0.23627658739502394
0.23803244867525536
0.24236940361263412
0.24002377028042204
0.23785977777030284
0.23875452700505678
0.2429681455817552
0.2479016000089699
0.2583784632289459
0.2684158005090428
0.26975680312153116
0.2668303676544788
0.2619529752093915
0.2584659199210647
0.25586015899178133
0.24292105351676813
0.235933488064404
0.2364223485485553
0.2308879096729344
0.22072947851144226
0.20927489432316368
0.2097390875351789
0.20372475809254711
0.19426149550943522
0.1858723805038851
0.18106226243735074
0.17943197999708477
0.17573188917667373
0.18227544373058854
0.1843699193828697
0.1783757722538038
0.17762229921401101
0.18537903506116363
0.19837868747687443
0.20753921535649814
0.2048751499658022
0.19735387444358482
0.20304304438987744
0.19914337291309273
0.19047619047619047
0.1843699193828697
0.18421294583291287
0.1848475674705955
0.18750714790272124
0.1880206756590086
0.19612499579535134
0.19304607173691232
0.19688519627299944
0.20268200522497673
0.20465314451657754
0.20661307141175284
0.20089474923475395
0.20488636236222768
0.19834056532902777
0.19983629901218788
0.20654131207462972
0.22353482009709935
0.23242625046251136
0.2281632973415408
0.22523237691591824
0.22737394463318644
0.22455739065110386
0.2193638086268178
0.21195017211028513
0.21268122035722695
0.20629239687398387
0.20043279850202383
0.20116608922825074
0.20255866886429635
0.19450144079294068
0.18957695628286633
0.18508078531624564
0.18865529729669123
0.18859475035599357
0.18889300010091156
0.19289134066624058
0.1991702826645139
0.19941022794801933
0.20175137632166124
0.20256315382286655
0.2062789419982733
0.2145043560160113
0.2174083666902127
0.2208886945406842
0.22295850292082928
0.22712951439111081
0.23555002410665232
0.23797414421384283
0.2359424579815444
0.221803626089004
0.21772231379012635
0.2192696244968437
0.20846984425981366
0.2063663986903921
0.21715496653099667
0.22551492930584055
0.23073990604011796
0.231085247850023
0.23441308710910783
0.22533104600446252
0.21803850336932512
0.2215165887405115
0.20689786628096024
0.20588202316481102
0.20725666296657586
0.2069315034702367
0.20848329913552424
0.20948344489667778
0.21376209537264398
0.22284862143585948
0.23774541132676286
0.23894065278571988
0.23385246728783343
0.2331438438337426
0.23698296836982968
0.2366017468913631
0.2409005796808952
0.2450244990861897
0.25197394239070714
0.2531759112875195
0.2562413804702479
0.254404789935753
0.24445715182706
0.2470651552356285
0.2432237882202563
0.2477289291040174
0.25061051498536785
0.24617937591801495
0.24742170944195904
0.25379932052877663
0.23605906690436948
0.2342493861212957
0.22399228587125927
0.21821790171213293
0.20771188626145065
0.20258333613643245
0.20969872290804714
0.21973157522957382
0.21788377229865338
0.22214896789890903
0.2274232791774586
0.23610840144864162
0.2359491854193997
0.23533250361599783
0.2380100238824044
0.23967170103266172
0.22717212149752766
0.22542971509300683
0.22184174823685066
0.21613015349770706
0.21408725486898314
0.21865967013129717
0.22052765537578348
0.20853263367979638
0.205904447957662
0.2088151860697187
0.21036249677643604
0.20592014531265768
0.2079518315449561
0.21551795665287543
0.21640373597048898
0.22033031719869486
0.22689853902474577
0.2305066881944678
0.22645901308486663
0.20849451153194973
0.20380100238824045
0.20855505847264735
0.20661082893246774
0.2170159328153206
0.22323432787289627
0.22305492953008846
0.21726709049525156
0.20993418323298238
0.21078184040274928
0.21152410104611657
0.19871505936963907
0.1912902104566809
0.20077365535335867
0.2116855595546436
0.22334869431643625
0.24009777209683025
0.25236637626559927
0.2529426934418693
0.23997892069472007
0.23301602251449202
0.21814614237500982
0.2074069090786774
0.200643591554823
0.20750109320865148
0.21467478444167873
0.21438550461390113
0.2088824604482716
0.20675883256528418
0.20854384607622187
0.2035543296668797
0.1992532543980625
0.1983203830154619
0.2059066904369471
0.20868736475046812
0.21173040914034558
0.20058304461412538
0.2013993070739009
0.202435332503616
0.20366869611041968
0.20648076513393207
0.21270364515007792
0.20900803928823708
0.2053169183849664
0.20562413804702478
0.20811104757419804
0.21206678103311022
0.21383833966833732
0.2149685492280265
0.21865742765201207
0.2201195241458957
0.2204155314115286
0.22221399979817685
0.2264007086234541
0.21602027201273727
0.21733660735308957
0.22270286028232814
0.21977193985670557
0.2225795239216478
0.224904974940294
0.22998643300032515
0.2286431879085517
0.23178938634554364
0.22972406292396874
0.23282541177525873
0.22893022525704418
0.23315281375088298
0.2354715373316739
0.22954914953973113
0.22628185722134392
0.2239653761198381
0.23026001547310707
0.22224539450816824
0.21835917790709408
0.2209649388363775
0.2187067621962842
0.22494982452599593
0.23259443640889368
0.2423110991512216
0.25012165450121654
0.25402581093657145
0.24834785338670434
0.2442553286914012
0.2413670153721955
0.2467893302835615
0.23835312321302432
0.2280960229629879
0.22944599549261663
0.23016583134313298
0.2249004899817238
0.22673035307836345
0.23510601320820299
0.23292632334308813
0.23455212082478388
0.23830154618946708
0.23328736250798884
0.22650386267056857
0.22540504782087076
0.23654792738852076
0.24776256629329388
0.260517788466929
0.26559476156839
0.2694563108973281
0.26481662125646116
0.2507114265531972
0.2464282911186608
0.24953188244923588
0.24429793579781806
0.24251740724545057
0.23967618599123192
0.23654568490923564
0.234531938511218
0.22459102784038032
0.2226423133416305
0.22618094565351451
0.2218821128639824
0.2285377913821521
0.23748304125040645
0.23536389832598922
0.23392198414567145
0.22966351598327112
0.2357473622837409
0.24123470909437475
0.2447419466962674
0.2544787917521612
0.2698711695650711
0.27594380346911546
0.28435982822608674
0.290040028255239
0.2881428907800464
0.27482032134728157
0.26173769719802215
0.25247401527128394
0.2487492571787368
0.24834785338670434
0.23618016078576473
0.2407256662966576
0.24311166425600145
0.23917387063137005
0.239770370121206
0.2425622568311525
0.24832094363528318
0.24864161817305214
0.25788736026550957
0.25749716886990254
0.2617152724051712
0.26304057766266387
0.266422236424591
0.2674537768957359
0.2642896386244632
0.2647986814221804
0.2644174599437138
0.27352641079978024
0.2704071221142095
0.2637402311996143
0.24964624889277584
0.24564342336887662
0.23433011537555923
0.22098512114994337
0.2210568804870665
0.22369852108491148
0.2244250843732831
0.2293921759897743
0.23242625046251136
0.23008510208886945
0.21836814782423447
0.21455144808099835
0.2165786493547266
0.22072499355287206
0.22213775550248355
0.22641416349916468
0.23234103624967764
0.23853924899368742
0.24488770784979874
0.24021886597822553
0.24798681422180363
0.2533822193817485
0.25842331281464787
0.26105822597463757
0.260885555069685
0.25710025003644027
0.2531534864946685
0.2537544709430747
0.25328579277248925
0.241745994371377
0.2351015282496328
0.2354715373316739
0.2361128864072118
0.244250843732831
0.24562099857602565
0.24628028748584435
0.24621301310729143
0.24816172760604124
0.24654041508291566
0.2445603058741745
0.2394003610391649
0.23581239418300873
0.22718109141466805
0.22725733571036139
0.22014867637660196
0.21893998004193435
0.21917319788758452
0.22439593214257683
0.22381288752845147
0.22295626044154418
0.2264074360613094
0.22950654243331428
0.2336910087793064
0.23409689752990906
0.2371623667126375
0.2441768419164228
0.24325966788881787
0.2433269422673708
0.2401358942446769
0.23493109982396537
0.2388487111350309
